Datum Zeit,Radebeul-Wahnsdorf PM10_Pb
,ng/m3
05-2011,7.45

