Datum,Zeit,BEN,NO,NO2,O3,PM10_HVS,PM10_TEOM,PM2.5,SO2
yyyy-mm-dd,hh:mm,µg/m³,µg/m³,µg/m³,µg/m³,µg/m³,µg/m³,µg/m³,µg/m³
2018-08-01,,,,,,14.58,,8.78,
2018-08-01,01:00,,1,5,108,,13,,
2018-08-01,02:00,,1,7,83,,7,,
2018-08-01,03:00,,1,11,69,,11,,
2018-08-01,04:00,,1,11,67,,16,,
2018-08-01,05:00,,1,11,66,,13,,
2018-08-01,06:00,,1,13,62,,10,,
2018-08-01,07:00,,1,16,60,,11,,
2018-08-01,08:00,,1,15,62,,11,,
2018-08-01,09:00,,2,15,70,,12,,
2018-08-01,10:00,,3,14,75,,14,,
2018-08-01,11:00,,2,15,78,,16,,
2018-08-01,12:00,,2,12,88,,17,,
2018-08-01,13:00,,1,12,109,,15,,
2018-08-01,14:00,,1,12,121,,15,,
2018-08-01,15:00,,1,11,128,,16,,
2018-08-01,16:00,,1,12,130,,15,,
2018-08-01,17:00,,1,9,123,,12,,
2018-08-01,18:00,,1,11,121,,12,,
2018-08-01,19:00,,1,14,114,,12,,
2018-08-01,20:00,,1,18,105,,11,,
2018-08-01,21:00,,1,23,88,,13,,
2018-08-01,22:00,,1,13,97,,13,,
2018-08-01,23:00,,1,12,94,,13,,
2018-08-02,,,,,,14.05,,9.06,
2018-08-02,00:00,,1,11,93,,12,,
2018-08-02,01:00,,1,16,78,,12,,
2018-08-02,02:00,,1,15,75,,12,,
2018-08-02,03:00,,1,14,69,,14,,
2018-08-02,04:00,,1,9,72,,13,,
2018-08-02,05:00,,1,10,72,,12,,
2018-08-02,06:00,,1,13,72,,12,,
2018-08-02,07:00,,1,13,89,,11,,
2018-08-02,08:00,,1,16,98,,11,,
2018-08-02,09:00,,1,16,91,,15,,
2018-08-02,10:00,,1,16,94,,22,,
2018-08-02,11:00,,1,13,102,,19,,
2018-08-02,12:00,,1,7,119,,12,,
2018-08-02,13:00,,1,6,126,,9,,
2018-08-02,14:00,,1,5,131,,11,,
2018-08-02,15:00,,1,6,134,,10,,
2018-08-02,16:00,,1,8,131,,14,,
2018-08-02,17:00,,1,6,134,,12,,
2018-08-02,18:00,,1,6,136,,11,,
2018-08-02,19:00,,1,6,134,,11,,
2018-08-02,20:00,,1,7,130,,15,,
2018-08-02,21:00,,1,10,118,,14,,
2018-08-02,22:00,,1,13,99,,14,,
2018-08-02,23:00,,1,12,90,,14,,
2018-08-03,,,,,,22.06,,11.92,
2018-08-03,00:00,,1,14,80,,10,,
2018-08-03,01:00,,1,17,76,,11,,
2018-08-03,02:00,,1,12,76,,11,,
2018-08-03,03:00,,1,12,73,,11,,
2018-08-03,04:00,,1,12,70,,11,,
2018-08-03,05:00,,1,14,65,,12,,
2018-08-03,06:00,,1,15,69,,13,,
2018-08-03,07:00,,1,21,67,,13,,
2018-08-03,08:00,,2,18,74,,17,,
2018-08-03,09:00,,1,14,86,,19,,
2018-08-03,10:00,,1,12,99,,19,,
2018-08-03,11:00,,1,13,111,,19,,
2018-08-03,12:00,,1,7,128,,21,,
2018-08-03,13:00,,1,6,130,,21,,
2018-08-03,14:00,,1,5,133,,20,,
2018-08-03,15:00,,1,5,140,,23,,
2018-08-03,16:00,,1,6,141,,23,,
2018-08-03,17:00,,1,5,142,,22,,
2018-08-03,18:00,,1,5,141,,19,,
2018-08-03,19:00,,1,4,134,,20,,
2018-08-03,20:00,,1,6,126,,17,,
2018-08-03,21:00,,1,14,108,,19,,
2018-08-03,22:00,,1,19,89,,20,,
2018-08-03,23:00,,1,23,75,,20,,
2018-08-04,,,,,,19.75,,13.65,
2018-08-04,00:00,,1,16,90,,22,,
2018-08-04,01:00,,1,9,103,,18,,
2018-08-04,02:00,,1,8,104,,16,,
2018-08-04,03:00,,1,8,101,,16,,
2018-08-04,04:00,,1,9,92,,16,,
2018-08-04,05:00,,1,10,84,,15,,
2018-08-04,06:00,,1,12,73,,17,,
2018-08-04,07:00,,1,16,69,,14,,
2018-08-04,08:00,,1,12,94,,15,,
2018-08-04,09:00,,1,13,104,,18,,
2018-08-04,10:00,,2,21,111,,21,,
2018-08-04,11:00,,1,14,138,,24,,
2018-08-04,12:00,,1,9,153,,24,,
2018-08-04,13:00,,1,6,160,,23,,
2018-08-04,15:00,,1,7,155,,,,
2018-08-04,16:00,,1,9,157,,20,,
2018-08-04,17:00,,1,7,164,,18,,
2018-08-04,18:00,,1,7,176,,20,,
2018-08-04,19:00,,1,6,168,,19,,
2018-08-04,20:00,,1,6,155,,20,,
2018-08-04,21:00,,1,9,139,,17,,
2018-08-04,22:00,,1,11,125,,16,,
2018-08-04,23:00,,1,13,110,,16,,
2018-08-05,,,,,,8.34,,4.45,
2018-08-05,00:00,,1,15,88,,14,,
2018-08-05,01:00,,1,15,79,,13,,
2018-08-05,02:00,,1,13,73,,14,,
2018-08-05,03:00,,1,16,59,,15,,
2018-08-05,04:00,,1,13,50,,10,,
2018-08-05,05:00,,1,14,47,,6,,
2018-08-05,06:00,,1,13,53,,10,,
2018-08-05,07:00,,1,12,50,,14,,
2018-08-05,08:00,,1,9,49,,8,,
2018-08-05,09:00,,1,7,58,,6,,
2018-08-05,10:00,,1,6,63,,7,,
2018-08-05,11:00,,1,6,63,,6,,
2018-08-05,12:00,,1,4,71,,7,,
2018-08-05,13:00,,1,4,82,,7,,
2018-08-05,14:00,,1,3,86,,7,,
2018-08-05,15:00,,1,4,88,,5,,
2018-08-05,16:00,,1,4,91,,7,,
2018-08-05,17:00,,1,4,92,,6,,
2018-08-05,18:00,,1,4,92,,7,,
2018-08-05,19:00,,1,4,90,,9,,
2018-08-05,20:00,,1,4,88,,8,,
2018-08-05,21:00,,1,6,83,,7,,
2018-08-05,22:00,,1,13,68,,6,,
2018-08-05,23:00,,1,17,59,,7,,
2018-08-06,,,,,,11.18,,4.39,
2018-08-06,00:00,,1,21,53,,8,,
2018-08-06,01:00,,1,17,57,,8,,
2018-08-06,02:00,,1,14,56,,8,,
2018-08-06,03:00,,1,18,45,,8,,
2018-08-06,04:00,,1,26,33,,7,,
2018-08-06,05:00,,1,27,31,,7,,
2018-08-06,06:00,,2,31,22,,8,,
2018-08-06,07:00,,6,41,19,,10,,
2018-08-06,08:00,,4,28,41,,16,,
2018-08-06,09:00,,4,23,56,,12,,
2018-08-06,10:00,,3,14,77,,11,,
2018-08-06,11:00,,1,10,89,,11,,
2018-08-06,12:00,,1,8,102,,10,,
2018-08-06,13:00,,1,7,111,,13,,
2018-08-06,14:00,,1,6,116,,10,,
2018-08-06,15:00,,1,6,121,,10,,
2018-08-06,16:00,,1,6,129,,12,,
2018-08-06,17:00,,1,6,120,,11,,
2018-08-06,18:00,,1,7,119,,8,,
2018-08-06,19:00,,1,6,119,,10,,
2018-08-06,20:00,,1,7,113,,12,,
2018-08-06,21:00,,1,10,99,,12,,
2018-08-06,22:00,,1,12,90,,13,,
2018-08-06,23:00,,1,13,87,,10,,
2018-08-07,,,,,,16.27,,8.08,
2018-08-07,00:00,,1,12,88,,9,,
2018-08-07,01:00,,1,12,87,,13,,
2018-08-07,02:00,,1,11,81,,12,,
2018-08-07,03:00,,1,11,78,,11,,
2018-08-07,04:00,,1,11,74,,9,,
2018-08-07,05:00,,1,14,66,,10,,
2018-08-07,06:00,,1,18,58,,12,,
2018-08-07,07:00,,3,41,45,,13,,
2018-08-07,08:00,,3,35,60,,15,,
2018-08-07,09:00,,3,27,80,,18,,
2018-08-07,10:00,,1,15,111,,24,,
2018-08-07,11:00,,1,8,137,,25,,
2018-08-07,12:00,,1,6,144,,17,,
2018-08-07,13:00,,1,6,147,,13,,
2018-08-07,14:00,,1,7,146,,13,,
2018-08-07,15:00,,1,6,150,,14,,
2018-08-07,16:00,,1,7,151,,14,,
2018-08-07,17:00,,1,6,152,,16,,
2018-08-07,18:00,,1,9,148,,17,,
2018-08-07,19:00,,1,13,136,,18,,
2018-08-07,20:00,,1,17,124,,17,,
2018-08-07,21:00,,1,14,112,,18,,
2018-08-07,22:00,,1,15,102,,17,,
2018-08-07,23:00,,1,14,92,,13,,
2018-08-08,,,,,,22.30,,10.93,
2018-08-08,00:00,,1,11,90,,19,,
2018-08-08,01:00,,1,9,93,,16,,
2018-08-08,02:00,,1,11,87,,16,,
2018-08-08,03:00,,1,14,81,,18,,
2018-08-08,04:00,,1,16,71,,17,,
2018-08-08,05:00,,1,21,65,,16,,
2018-08-08,06:00,,1,31,54,,18,,
2018-08-08,07:00,,2,28,67,,22,,
2018-08-08,08:00,,1,19,91,,27,,
2018-08-08,09:00,,1,10,123,,26,,
2018-08-08,10:00,,1,9,131,,17,,
2018-08-08,11:00,,1,9,138,,13,,
2018-08-08,12:00,,1,11,149,,15,,
2018-08-08,13:00,,1,8,156,,16,,
2018-08-08,14:00,,1,7,156,,18,,
2018-08-08,15:00,,1,8,152,,20,,
2018-08-08,16:00,,1,9,142,,20,,
2018-08-08,17:00,,1,9,140,,26,,
2018-08-08,18:00,,1,7,136,,20,,
2018-08-08,19:00,,1,7,134,,17,,
2018-08-08,20:00,,1,9,133,,19,,
2018-08-08,21:00,,1,11,113,,21,,
2018-08-08,22:00,,1,14,100,,23,,
2018-08-08,23:00,,1,22,76,,21,,
2018-08-09,,,,,,26.14,,11.04,
2018-08-09,00:00,,1,20,84,,22,,
2018-08-09,01:00,,1,15,85,,22,,
2018-08-09,02:00,,1,17,86,,21,,
2018-08-09,03:00,,1,18,84,,21,,
2018-08-09,04:00,,1,21,77,,21,,
2018-08-09,05:00,,1,24,69,,23,,
2018-08-09,06:00,,1,22,67,,22,,
2018-08-09,07:00,,2,29,65,,26,,
2018-08-09,08:00,,1,21,85,,29,,
2018-08-09,09:00,,1,20,99,,27,,
2018-08-09,10:00,,2,21,110,,29,,
2018-08-09,11:00,,1,13,149,,34,,
2018-08-09,12:00,,1,9,163,,33,,
2018-08-09,13:00,,1,7,163,,28,,
2018-08-09,14:00,,1,8,161,,26,,
2018-08-09,15:00,,1,9,170,,23,,
2018-08-09,16:00,,1,12,162,,23,,
2018-08-09,17:00,,1,11,157,,19,,
2018-08-09,18:00,,1,13,157,,18,,
2018-08-09,19:00,,1,9,106,,20,,
2018-08-09,20:00,,1,7,82,,27,,
2018-08-09,21:00,,1,9,58,,17,,
2018-08-09,22:00,,1,11,54,,14,,
2018-08-09,23:00,,1,11,74,,11,,
2018-08-10,,,,,,8.02,,3.37,
2018-08-10,00:00,,1,8,75,,9,,
2018-08-10,01:00,,1,7,73,,6,,
2018-08-10,02:00,,1,7,68,,6,,
2018-08-10,03:00,,1,5,69,,3,,
2018-08-10,04:00,,1,6,64,,4,,
2018-08-10,05:00,,1,7,60,,5,,
2018-08-10,06:00,,1,7,58,,4,,
2018-08-10,07:00,,1,8,56,,5,,
2018-08-10,08:00,,2,10,52,,5,,
2018-08-10,09:00,,2,9,53,,3,,
2018-08-10,10:00,,2,9,55,,4,,
2018-08-10,11:00,,2,7,61,,5,,
2018-08-10,12:00,,2,7,74,,9,,
2018-08-10,13:00,,1,6,83,,10,,
2018-08-10,14:00,,1,5,87,,10,,
2018-08-10,15:00,,1,7,87,,7,,
2018-08-10,16:00,,1,6,90,,8,,
2018-08-10,17:00,,1,6,90,,12,,
2018-08-10,18:00,,1,5,89,,10,,
2018-08-10,19:00,,1,6,86,,9,,
2018-08-10,20:00,,1,9,78,,7,,
2018-08-10,21:00,,1,13,68,,8,,
2018-08-10,22:00,,1,25,45,,7,,
2018-08-10,23:00,,1,29,40,,9,,
2018-08-11,,,,,,9.75,,4.97,
2018-08-11,00:00,,1,27,39,,12,,
2018-08-11,01:00,,1,18,48,,12,,
2018-08-11,02:00,,1,17,44,,14,,
2018-08-11,03:00,,1,16,44,,15,,
2018-08-11,04:00,,1,13,46,,12,,
2018-08-11,05:00,,1,14,41,,9,,
2018-08-11,06:00,,1,16,38,,6,,
2018-08-11,07:00,,2,16,38,,12,,
2018-08-11,08:00,,2,13,49,,10,,
2018-08-11,09:00,,2,8,73,,9,,
2018-08-11,10:00,,1,7,79,,9,,
2018-08-11,11:00,,1,6,77,,7,,
2018-08-11,12:00,,1,5,77,,9,,
2018-08-11,13:00,,1,5,80,,7,,
2018-08-11,14:00,,1,4,87,,6,,
2018-08-11,15:00,,1,4,92,,8,,
2018-08-11,16:00,,1,4,93,,8,,
2018-08-11,17:00,,1,4,93,,11,,
2018-08-11,18:00,,1,4,92,,7,,
2018-08-11,19:00,,1,5,90,,3,,
2018-08-11,20:00,,1,6,86,,8,,
2018-08-11,21:00,,1,11,77,,8,,
2018-08-11,22:00,,1,11,72,,7,,
2018-08-11,23:00,,1,11,67,,13,,
2018-08-12,,,,,,9.93,,5.73,
2018-08-12,00:00,,1,15,59,,12,,
2018-08-12,01:00,,1,18,48,,13,,
2018-08-12,02:00,,1,21,38,,14,,
2018-08-12,03:00,,1,18,39,,15,,
2018-08-12,04:00,,1,16,39,,14,,
2018-08-12,05:00,,1,17,32,,12,,
2018-08-12,06:00,,1,17,30,,13,,
2018-08-12,07:00,,2,16,38,,15,,
2018-08-12,08:00,,2,15,51,,15,,
2018-08-12,09:00,,1,11,69,,12,,
2018-08-12,10:00,,1,7,86,,12,,
2018-08-12,11:00,,1,6,95,,10,,
2018-08-12,12:00,,1,5,105,,7,,
2018-08-12,13:00,,1,4,108,,7,,
2018-08-12,14:00,,1,3,109,,6,,
2018-08-12,15:00,,1,3,112,,6,,
2018-08-12,16:00,,1,3,115,,6,,
2018-08-12,17:00,,1,4,114,,6,,
2018-08-12,18:00,,1,5,111,,5,,
2018-08-12,19:00,,1,5,105,,6,,
2018-08-12,20:00,,1,9,97,,8,,
2018-08-12,21:00,,1,17,84,,7,,
2018-08-12,22:00,,1,29,62,,10,,
2018-08-12,23:00,,1,23,70,,11,,
2018-08-13,,,,,,13.65,,6.08,
2018-08-13,00:00,,1,20,70,,9,,
2018-08-13,01:00,,1,23,53,,10,,
2018-08-13,02:00,,1,23,51,,10,,
2018-08-13,03:00,,1,21,46,,11,,
2018-08-13,04:00,,1,19,39,,8,,
2018-08-13,05:00,,1,26,27,,12,,
2018-08-13,06:00,,1,33,22,,13,,
2018-08-13,07:00,,5,34,31,,18,,
2018-08-13,08:00,,5,31,46,,22,,
2018-08-13,09:00,,3,24,68,,17,,
2018-08-13,10:00,,2,16,102,,16,,
2018-08-13,11:00,,1,9,120,,21,,
2018-08-13,12:00,,1,8,127,,12,,
2018-08-13,13:00,,1,8,126,,12,,
2018-08-13,14:00,,1,11,123,,24,,
2018-08-13,15:00,,1,8,100,,19,,
2018-08-13,16:00,,1,13,84,,11,,
2018-08-13,17:00,,1,13,86,,7,,
2018-08-13,18:00,,1,10,90,,11,,
2018-08-13,19:00,,1,7,90,,8,,
2018-08-13,20:00,,1,8,85,,6,,
2018-08-13,21:00,,1,9,73,,7,,
2018-08-13,22:00,,1,13,65,,4,,
2018-08-13,23:00,,1,11,65,,7,,
2018-08-14,,,,,,8.37,,4.63,
2018-08-14,00:00,,1,9,61,,7,,
2018-08-14,01:00,,1,9,59,,6,,
2018-08-14,02:00,,1,5,67,,6,,
2018-08-14,03:00,,1,5,64,,3,,
2018-08-14,04:00,,1,9,55,,3,,
2018-08-14,05:00,,1,13,47,,4,,
2018-08-14,06:00,,2,15,42,,7,,
2018-08-14,07:00,,4,17,38,,5,,
2018-08-14,08:00,,3,9,45,,6,,
2018-08-14,09:00,,2,8,56,,10,,
2018-08-14,10:00,,2,6,65,,10,,
2018-08-14,11:00,,2,10,70,,11,,
2018-08-14,12:00,,3,13,67,,12,,
2018-08-14,13:00,,2,13,64,,12,,
2018-08-14,14:00,,1,7,70,,11,,
2018-08-14,15:00,,2,9,69,,8,,
2018-08-14,16:00,,1,9,65,,6,,
2018-08-14,17:00,,2,12,52,,8,,
2018-08-14,18:00,,2,11,55,,6,,
2018-08-14,19:00,,1,11,64,,7,,
2018-08-14,20:00,,1,7,69,,8,,
2018-08-14,21:00,,1,5,66,,5,,
2018-08-14,22:00,,1,9,57,,4,,
2018-08-14,23:00,,1,9,59,,7,,
2018-08-15,,,,,,13.41,,5.73,
2018-08-15,00:00,,1,10,60,,9,,
2018-08-15,01:00,,1,12,56,,12,,
2018-08-15,02:00,,1,8,56,,11,,
2018-08-15,03:00,,1,7,53,,11,,
2018-08-15,04:00,,1,10,46,,9,,
2018-08-15,05:00,,1,20,32,,12,,
2018-08-15,06:00,,2,23,29,,9,,
2018-08-15,07:00,,4,25,35,,9,,
2018-08-15,08:00,,1,13,57,,9,,
2018-08-15,09:00,,3,12,60,,11,,
2018-08-15,10:00,,,,,,14,,
2018-08-15,11:00,,,,,,10,,
2018-08-15,12:00,,,,,,12,,
2018-08-15,13:00,,,,,,12,,
2018-08-15,14:00,,,,,,14,,
2018-08-15,15:00,,1,7,93,,16,,
2018-08-15,16:00,,1,8,92,,14,,
2018-08-15,17:00,,1,7,94,,15,,
2018-08-15,18:00,,3,11,89,,13,,
2018-08-15,19:00,,1,7,88,,12,,
2018-08-15,20:00,,1,10,78,,10,,
2018-08-15,21:00,,1,10,71,,12,,
2018-08-15,22:00,,1,14,62,,16,,
2018-08-15,23:00,,1,18,54,,13,,
2018-08-16,,,,,,18.09,,8.73,
2018-08-16,00:00,,1,23,45,,13,,
2018-08-16,01:00,,1,25,31,,13,,
2018-08-16,02:00,,1,21,35,,13,,
2018-08-16,03:00,,1,22,32,,12,,
2018-08-16,04:00,,1,23,26,,15,,
2018-08-16,05:00,,1,26,17,,21,,
2018-08-16,06:00,,3,33,7,,21,,
2018-08-16,07:00,,13,35,10,,17,,
2018-08-16,08:00,,6,25,31,,22,,
2018-08-16,09:00,,4,24,49,,27,,
2018-08-16,10:00,,2,17,77,,29,,
2018-08-16,11:00,,1,8,95,,24,,
2018-08-16,12:00,,1,7,106,,16,,
2018-08-16,13:00,,1,6,117,,14,,
2018-08-16,14:00,,1,7,122,,14,,
2018-08-16,15:00,,1,8,121,,13,,
2018-08-16,16:00,,1,9,121,,14,,
2018-08-16,17:00,,1,10,122,,13,,
2018-08-16,18:00,,1,11,121,,14,,
2018-08-16,19:00,,1,11,116,,13,,
2018-08-16,20:00,,1,11,110,,14,,
2018-08-16,21:00,,1,25,90,,15,,
2018-08-16,22:00,,1,32,72,,16,,
2018-08-16,23:00,,1,21,81,,18,,
2018-08-17,,,,,,19.21,,9.81,
2018-08-17,00:00,,1,16,79,,16,,
2018-08-17,01:00,,1,14,73,,14,,
2018-08-17,02:00,,1,14,65,,16,,
2018-08-17,03:00,,1,14,61,,14,,
2018-08-17,04:00,,1,14,57,,13,,
2018-08-17,05:00,,1,25,44,,13,,
2018-08-17,06:00,,4,33,35,,13,,
2018-08-17,07:00,,4,32,37,,17,,
2018-08-17,08:00,,3,29,53,,19,,
2018-08-17,09:00,,3,23,74,,23,,
2018-08-17,10:00,,1,17,95,,23,,
2018-08-17,11:00,,2,18,107,,22,,
2018-08-17,12:00,,2,20,122,,23,,
2018-08-17,13:00,,1,13,134,,27,,
2018-08-17,14:00,,1,9,137,,23,,
2018-08-17,15:00,,1,9,135,,20,,
2018-08-17,16:00,,1,9,136,,19,,
2018-08-17,17:00,,1,8,137,,18,,
2018-08-17,18:00,,1,8,134,,20,,
2018-08-17,19:00,,1,8,126,,19,,
2018-08-17,20:00,,1,9,116,,18,,
2018-08-17,21:00,,1,11,94,,18,,
2018-08-17,22:00,,1,11,69,,18,,
2018-08-17,23:00,,1,9,60,,17,,
2018-08-18,,,,,,12.53,,9.16,
2018-08-18,00:00,,1,9,64,,8,,
2018-08-18,01:00,,1,10,61,,6,,
2018-08-18,02:00,,1,10,59,,7,,
2018-08-18,03:00,,1,11,54,,6,,
2018-08-18,04:00,,1,11,56,,6,,
2018-08-18,05:00,,1,11,56,,8,,
2018-08-18,06:00,,1,18,45,,8,,
2018-08-18,07:00,,1,20,42,,8,,
2018-08-18,08:00,,1,15,52,,10,,
2018-08-18,09:00,,1,11,65,,8,,
2018-08-18,10:00,,1,8,75,,8,,
2018-08-18,11:00,,1,7,86,,9,,
2018-08-18,12:00,,1,7,93,,8,,
2018-08-18,13:00,,1,5,101,,10,,
2018-08-18,14:00,,1,5,106,,7,,
2018-08-18,15:00,,1,7,112,,9,,
2018-08-18,16:00,,1,5,119,,11,,
2018-08-18,17:00,,1,6,121,,13,,
2018-08-18,18:00,,1,7,124,,15,,
2018-08-18,19:00,,1,7,123,,17,,
2018-08-18,20:00,,1,12,112,,16,,
2018-08-18,21:00,,1,15,96,,14,,
2018-08-18,22:00,,1,22,82,,18,,
2018-08-18,23:00,,1,24,75,,20,,
2018-08-19,,,,,,16.35,,9.95,
2018-08-19,00:00,,1,28,61,,22,,
2018-08-19,01:00,,1,23,56,,24,,
2018-08-19,02:00,,1,22,46,,24,,
2018-08-19,03:00,,1,23,31,,26,,
2018-08-19,04:00,,1,22,37,,34,,
2018-08-19,05:00,,1,18,35,,32,,
2018-08-19,06:00,,1,23,31,,28,,
2018-08-19,07:00,,1,20,43,,22,,
2018-08-19,08:00,,1,14,66,,18,,
2018-08-19,09:00,,1,11,83,,16,,
2018-08-19,10:00,,1,8,99,,15,,
2018-08-19,11:00,,1,7,122,,15,,
2018-08-19,12:00,,1,9,139,,16,,
2018-08-19,13:00,,1,6,142,,16,,
2018-08-19,14:00,,1,5,140,,15,,
2018-08-19,15:00,,1,5,138,,14,,
2018-08-19,16:00,,1,4,133,,9,,
2018-08-19,17:00,,1,5,136,,10,,
2018-08-19,18:00,,1,6,135,,11,,
2018-08-19,19:00,,1,8,131,,11,,
2018-08-19,20:00,,1,11,118,,12,,
2018-08-19,21:00,,1,50,55,,15,,
2018-08-19,22:00,,1,36,64,,18,,
2018-08-19,23:00,,1,29,66,,15,,
2018-08-20,00:00,,1,22,65,,13,,
2018-08-20,01:00,,1,18,72,,12,,
2018-08-20,02:00,,1,16,71,,11,,
2018-08-20,03:00,,1,21,58,,11,,
2018-08-20,04:00,,1,21,52,,14,,
2018-08-20,05:00,,1,31,33,,15,,
2018-08-20,06:00,,4,43,21,,14,,
2018-08-20,07:00,,8,44,31,,16,,
2018-08-20,08:00,,4,32,51,,15,,
2018-08-20,09:00,,2,11,64,,17,,
2018-08-20,10:00,,2,7,64,,15,,
2018-08-20,11:00,,2,9,59,,17,,
2018-08-20,12:00,,1,7,57,,13,,
2018-08-20,13:00,,2,7,64,,11,,
2018-08-20,14:00,,2,8,64,,11,,
2018-08-20,15:00,,2,9,57,,13,,
2018-08-20,16:00,,1,10,53,,12,,
2018-08-20,17:00,,2,11,49,,12,,
2018-08-20,18:00,,1,7,48,,11,,
2018-08-20,19:00,,1,8,45,,11,,
2018-08-20,20:00,,1,7,43,,10,,
2018-08-20,21:00,,1,9,39,,8,,
2018-08-20,22:00,,1,10,37,,8,,
2018-08-20,23:00,,1,13,32,,10,,
2018-08-21,00:00,,1,14,28,,12,,
2018-08-21,01:00,,1,14,27,,12,,
2018-08-21,02:00,,1,15,27,,13,,
2018-08-21,03:00,,1,13,31,,11,,
2018-08-21,04:00,,1,12,32,,9,,
2018-08-21,05:00,,1,8,36,,8,,
2018-08-21,06:00,,1,13,28,,7,,
2018-08-21,07:00,,1,15,31,,5,,
2018-08-21,08:00,,2,17,32,,5,,
2018-08-21,09:00,,3,16,37,,8,,
2018-08-21,10:00,,3,13,44,,8,,
2018-08-21,11:00,,3,11,49,,8,,
2018-08-21,12:00,,2,9,57,,10,,
2018-08-21,13:00,,1,8,66,,10,,
2018-08-21,14:00,,2,8,71,,11,,
2018-08-21,15:00,,1,8,73,,12,,
2018-08-21,16:00,,1,6,75,,9,,
2018-08-21,17:00,,1,7,77,,10,,
2018-08-21,18:00,,1,6,79,,11,,
2018-08-21,19:00,,1,4,76,,12,,
2018-08-21,20:00,,1,7,71,,10,,
2018-08-21,21:00,,1,12,60,,10,,
2018-08-21,22:00,,1,10,62,,10,,
2018-08-21,23:00,,1,8,65,,11,,
2018-08-22,00:00,,1,8,64,,10,,
2018-08-22,01:00,,1,10,61,,10,,
2018-08-22,02:00,,1,9,60,,9,,
2018-08-22,03:00,,1,10,59,,9,,
2018-08-22,04:00,,1,15,45,,8,,
2018-08-22,05:00,,1,18,36,,10,,
2018-08-22,06:00,,1,21,35,,9,,
2018-08-22,07:00,,5,36,26,,12,,
2018-08-22,08:00,,5,30,38,,16,,
2018-08-22,09:00,,4,22,50,,15,,
2018-08-22,10:00,,3,20,,,14,,
2018-08-22,11:00,,3,12,,,16,,
2018-08-22,12:00,,1,11,87,,14,,
2018-08-22,13:00,,1,9,99,,14,,
2018-08-22,14:00,,1,6,110,,13,,
2018-08-22,15:00,,1,9,117,,11,,
2018-08-22,16:00,,1,10,120,,13,,
2018-08-22,17:00,,1,7,125,,14,,
2018-08-22,18:00,,1,7,126,,14,,
2018-08-22,19:00,,1,7,123,,15,,
2018-08-22,20:00,,1,13,110,,13,,
2018-08-22,21:00,,1,27,85,,14,,
2018-08-22,22:00,,1,25,80,,19,,
2018-08-22,23:00,,1,14,89,,17,,
2018-08-23,00:00,,1,15,83,,15,,
2018-08-23,01:00,,1,15,76,,16,,
2018-08-23,02:00,,1,18,64,,15,,
2018-08-23,03:00,,1,17,64,,16,,
2018-08-23,04:00,,1,19,56,,18,,
2018-08-23,05:00,,1,31,42,,16,,
2018-08-23,06:00,,1,35,31,,20,,
2018-08-23,07:00,,6,38,29,,21,,
2018-08-23,08:00,,4,32,52,,25,,
2018-08-23,09:00,,4,25,69,,31,,
2018-08-23,10:00,,2,22,90,,31,,
2018-08-23,11:00,,2,16,114,,33,,
2018-08-23,12:00,,1,10,135,,31,,
2018-08-23,13:00,,1,10,147,,21,,
2018-08-23,14:00,,1,9,130,,18,,
2018-08-23,15:00,,1,11,130,,16,,
2018-08-23,16:00,,1,10,117,,24,,
2018-08-23,17:00,,1,10,98,,21,,
2018-08-23,18:00,,1,17,60,,7,,
2018-08-23,19:00,,1,22,51,,11,,
2018-08-23,20:00,,1,18,60,,8,,
2018-08-23,21:00,,1,17,52,,9,,
2018-08-23,22:00,,1,14,41,,11,,
2018-08-23,23:00,,1,18,33,,11,,
2018-08-24,00:00,,1,19,42,,13,,
2018-08-24,01:00,,1,22,39,,14,,
2018-08-24,02:00,,1,21,31,,16,,
2018-08-24,03:00,,1,21,38,,16,,
2018-08-24,04:00,,1,22,34,,16,,
2018-08-24,05:00,,2,21,37,,17,,
2018-08-24,06:00,,2,23,29,,17,,
2018-08-24,07:00,,6,32,23,,17,,
2018-08-24,08:00,,7,34,23,,23,,
2018-08-24,09:00,,6,21,40,,21,,
2018-08-24,10:00,,3,12,46,,17,,
2018-08-24,11:00,,3,11,57,,15,,
2018-08-24,12:00,,2,9,51,,19,,
2018-08-24,13:00,,3,10,54,,15,,
2018-08-24,14:00,,2,11,66,,15,,
2018-08-24,15:00,,2,10,71,,16,,
2018-08-24,16:00,,1,13,66,,11,,
2018-08-24,17:00,,2,12,67,,10,,
2018-08-24,18:00,,1,12,65,,9,,
2018-08-24,19:00,,1,11,54,,12,,
2018-08-24,20:00,,1,12,42,,11,,
2018-08-24,21:00,,1,19,31,,12,,
2018-08-24,22:00,,1,14,37,,15,,
2018-08-24,23:00,,1,14,37,,14,,
2018-08-25,00:00,,1,12,33,,15,,
2018-08-25,01:00,,1,13,36,,16,,
2018-08-25,02:00,,1,11,39,,15,,
2018-08-25,03:00,,1,13,34,,11,,
2018-08-25,04:00,,1,13,29,,12,,
2018-08-25,05:00,,1,13,26,,9,,
2018-08-25,06:00,,1,15,26,,10,,
2018-08-25,07:00,,2,14,29,,11,,
2018-08-25,08:00,,3,12,32,,13,,
2018-08-25,09:00,,3,10,39,,12,,
2018-08-25,10:00,,2,8,57,,14,,
2018-08-25,11:00,,1,6,64,,12,,
2018-08-25,12:00,,2,6,64,,9,,
2018-08-25,13:00,,1,7,57,,8,,
2018-08-25,14:00,,2,7,56,,8,,
2018-08-25,15:00,,1,6,62,,6,,
2018-08-25,16:00,,1,7,61,,3,,
2018-08-25,17:00,,2,7,65,,4,,
2018-08-25,18:00,,1,6,66,,4,,
2018-08-25,19:00,,1,7,63,,4,,
2018-08-25,20:00,,1,7,61,,3,,
2018-08-25,21:00,,1,14,50,,5,,
2018-08-25,22:00,,1,19,38,,7,,
2018-08-25,23:00,,1,14,47,,8,,
2018-08-26,00:00,,1,7,54,,6,,
2018-08-26,01:00,,1,9,50,,5,,
2018-08-26,02:00,,1,12,43,,6,,
2018-08-26,03:00,,1,9,43,,5,,
2018-08-26,04:00,,1,11,39,,4,,
2018-08-26,05:00,,1,11,37,,4,,
2018-08-26,06:00,,1,10,37,,5,,
2018-08-26,07:00,,1,9,39,,6,,
2018-08-26,08:00,,2,10,40,,5,,
2018-08-26,09:00,,2,8,50,,7,,
2018-08-26,10:00,,1,8,58,,8,,
2018-08-26,11:00,,1,7,63,,6,,
2018-08-26,12:00,,1,4,69,,4,,
2018-08-26,13:00,,1,4,72,,5,,
2018-08-26,14:00,,1,4,74,,7,,
2018-08-26,15:00,,1,4,77,,9,,
2018-08-26,16:00,,1,4,77,,5,,
2018-08-26,17:00,,1,5,75,,4,,
2018-08-26,18:00,,1,5,75,,5,,
2018-08-26,19:00,,1,7,71,,3,,
2018-08-26,20:00,,1,9,63,,4,,
2018-08-26,21:00,,1,23,40,,5,,
2018-08-26,22:00,,1,30,34,,6,,
2018-08-26,23:00,,1,21,41,,6,,
2018-08-27,00:00,,1,16,44,,10,,
2018-08-27,01:00,,1,16,41,,7,,
2018-08-27,02:00,,1,17,36,,7,,
2018-08-27,03:00,,1,17,33,,9,,
2018-08-27,04:00,,1,18,34,,10,,
2018-08-27,05:00,,1,16,41,,8,,
2018-08-27,06:00,,2,18,41,,8,,
2018-08-27,07:00,,3,20,43,,7,,
2018-08-27,08:00,,2,14,57,,5,,
2018-08-27,09:00,,2,12,62,,5,,
2018-08-27,10:00,,2,13,62,,15,,
2018-08-27,11:00,,2,9,71,,9,,
2018-08-27,12:00,,2,8,77,,8,,
2018-08-27,13:00,,2,9,78,,9,,
2018-08-27,14:00,,2,9,76,,7,,
2018-08-27,15:00,,2,8,77,,8,,
2018-08-27,16:00,,1,9,75,,9,,
2018-08-27,17:00,,1,8,72,,8,,
2018-08-27,18:00,,1,8,69,,8,,
2018-08-27,19:00,,1,8,68,,7,,
2018-08-27,20:00,,1,8,65,,7,,
2018-08-27,21:00,,1,12,56,,6,,
2018-08-27,22:00,,1,15,44,,8,,
2018-08-27,23:00,,1,15,39,,6,,
2018-08-28,00:00,,1,13,41,,6,,
2018-08-28,01:00,,1,11,41,,7,,
2018-08-28,02:00,,1,12,34,,6,,
2018-08-28,03:00,,2,18,22,,8,,
2018-08-28,04:00,,1,19,19,,9,,
2018-08-28,05:00,,1,20,17,,9,,
2018-08-28,06:00,,1,25,17,,10,,
2018-08-28,07:00,,2,26,23,,14,,
2018-08-28,08:00,,3,20,33,,17,,
2018-08-28,09:00,,4,16,41,,17,,
2018-08-28,10:00,,5,16,43,,20,,
2018-08-28,11:00,,2,13,57,,22,,
2018-08-28,12:00,,1,10,69,,19,,
2018-08-28,13:00,,2,8,74,,16,,
2018-08-28,14:00,,1,7,78,,15,,
2018-08-28,15:00,,1,6,82,,15,,
2018-08-28,16:00,,1,7,88,,16,,
2018-08-28,17:00,,1,7,90,,19,,
2018-08-28,18:00,,1,6,91,,19,,
2018-08-28,19:00,,1,9,84,,17,,
2018-08-28,20:00,,1,17,72,,14,,
2018-08-28,21:00,,1,23,61,,20,,
2018-08-28,22:00,,1,18,62,,22,,
2018-08-28,23:00,,1,22,55,,18,,
2018-08-29,00:00,,1,15,61,,18,,
2018-08-29,01:00,,1,13,60,,19,,
2018-08-29,02:00,,1,16,50,,18,,
2018-08-29,03:00,,1,20,41,,19,,
2018-08-29,04:00,,1,23,38,,18,,
2018-08-29,05:00,,1,22,39,,17,,
2018-08-29,06:00,,1,20,43,,18,,
2018-08-29,07:00,,3,32,34,,16,,
2018-08-29,08:00,,7,38,31,,20,,
2018-08-29,09:00,,4,26,46,,29,,
2018-08-29,10:00,,3,21,66,,29,,
2018-08-29,11:00,,2,20,78,,21,,
2018-08-29,12:00,,2,21,88,,22,,
2018-08-29,13:00,,2,15,107,,18,,
2018-08-29,14:00,,1,12,125,,18,,
2018-08-29,15:00,,1,14,134,,21,,
2018-08-29,16:00,,1,13,138,,21,,
2018-08-29,17:00,,1,12,133,,18,,
2018-08-29,18:00,,1,11,127,,16,,
2018-08-29,19:00,,1,10,125,,15,,
2018-08-29,20:00,,1,9,118,,19,,
2018-08-29,21:00,,1,13,106,,18,,
2018-08-29,22:00,,1,16,97,,20,,
2018-08-29,23:00,,1,17,92,,20,,
2018-08-30,00:00,,1,19,81,,20,,
2018-08-30,01:00,,1,16,71,,20,,
2018-08-30,02:00,,1,20,56,,21,,
2018-08-30,03:00,,1,19,54,,27,,
2018-08-30,04:00,,1,15,61,,25,,
2018-08-30,05:00,,1,16,67,,22,,
2018-08-30,06:00,,1,14,82,,20,,
2018-08-30,07:00,,2,22,56,,17,,
2018-08-30,08:00,,1,18,46,,18,,
2018-08-30,09:00,,1,15,51,,23,,
2018-08-30,10:00,,1,13,66,,22,,
2018-08-30,11:00,,2,15,58,,18,,
2018-08-30,12:00,,1,13,63,,13,,
2018-08-30,13:00,,2,14,56,,5,,
2018-08-30,14:00,,1,14,60,,5,,
2018-08-30,15:00,,3,15,64,,5,,
2018-08-30,16:00,,1,17,66,,11,,
2018-08-30,17:00,,1,10,74,,14,,
2018-08-30,18:00,,1,13,64,,11,,
2018-08-30,19:00,,1,14,63,,11,,
2018-08-30,20:00,,5,13,70,,8,,
2018-08-30,21:00,,1,9,57,,8,,
2018-08-30,22:00,,1,10,53,,8,,
2018-08-30,23:00,,1,9,50,,7,,
2018-08-31,00:00,,1,9,43,,6,,
2018-08-31,01:00,,1,9,35,,5,,
2018-08-31,02:00,,1,9,34,,7,,
2018-08-31,03:00,,1,9,32,,7,,
2018-08-31,04:00,,1,11,29,,10,,
2018-08-31,05:00,,1,12,31,,10,,
2018-08-31,06:00,,2,20,26,,10,,
2018-08-31,07:00,,2,20,29,,9,,
2018-08-31,08:00,,4,18,34,,12,,
2018-08-31,09:00,,4,12,42,,10,,
2018-08-31,10:00,,3,11,47,,14,,
2018-08-31,11:00,,2,6,59,,13,,
2018-08-31,12:00,,3,7,62,,11,,
2018-08-31,13:00,,1,7,69,,15,,
2018-08-31,14:00,,2,8,72,,13,,
2018-08-31,15:00,,2,8,75,,11,,
2018-08-31,16:00,,1,8,77,,8,,
2018-08-31,17:00,,1,7,75,,10,,
2018-08-31,18:00,,1,7,73,,10,,
2018-08-31,19:00,,1,8,66,,13,,
2018-08-31,20:00,,1,10,60,,13,,
2018-08-31,21:00,,1,17,48,,13,,
2018-08-31,22:00,,1,23,41,,11,,
2018-08-31,23:00,,1,36,16,,11,,
2018-09-01,00:00,,1,43,15,,16,,
