Datum Zeit,Klingenthal BEN
,µg/m³
01-01-18 00:00,3.2
31-12-17 23:00,2.9
31-12-17 22:00,3.2
31-12-17 21:00,1.8
31-12-17 20:00,1.5
31-12-17 19:00,1.2
31-12-17 18:00,1.1
31-12-17 17:00,0.7
31-12-17 16:00,0.9
31-12-17 15:00,0.6
31-12-17 14:00,0.3
31-12-17 13:00,0.3
31-12-17 12:00,0.4
31-12-17 11:00,0.3
31-12-17 10:00,0.9
31-12-17 09:00,0.7
31-12-17 08:00,0.5
31-12-17 07:00,0.5
31-12-17 06:00,0.9
31-12-17 05:00,0.8
31-12-17 04:00,0.6
31-12-17 03:00,0.5
31-12-17 02:00,0.6
31-12-17 01:00,0.8
31-12-17 00:00,0.8
30-12-17 23:00,2.3
30-12-17 22:00,1.7
30-12-17 21:00,1.6
30-12-17 20:00,1.3
30-12-17 19:00,0.9
30-12-17 18:00,1.2
30-12-17 17:00,1.1
30-12-17 16:00,0.7
30-12-17 15:00,0.6
30-12-17 14:00,0.7
30-12-17 13:00,0.7
30-12-17 12:00,0.8
30-12-17 11:00,1.2
30-12-17 10:00,1.0
30-12-17 09:00,0.7
30-12-17 08:00,0.7
30-12-17 07:00,0.6
30-12-17 06:00,0.7
30-12-17 05:00,0.6
30-12-17 04:00,0.6
30-12-17 03:00,0.7
30-12-17 02:00,0.7
30-12-17 01:00,0.8
30-12-17 00:00,0.8
29-12-17 23:00,0.7
29-12-17 22:00,0.7
29-12-17 21:00,0.9
29-12-17 20:00,0.9
29-12-17 19:00,1.1
29-12-17 18:00,1.2
29-12-17 17:00,1.1
29-12-17 16:00,0.8
29-12-17 15:00,0.6
29-12-17 14:00,0.9
29-12-17 13:00,0.7
29-12-17 12:00,0.8
29-12-17 11:00,0.6
29-12-17 10:00,0.6
29-12-17 09:00,0.5
29-12-17 08:00,0.6
29-12-17 07:00,0.6
29-12-17 06:00,0.5
29-12-17 05:00,0.5
29-12-17 04:00,0.5
29-12-17 03:00,0.5
29-12-17 02:00,0.5
29-12-17 01:00,0.7
29-12-17 00:00,0.5
28-12-17 23:00,0.6
28-12-17 22:00,1.3
28-12-17 21:00,1.0
28-12-17 20:00,0.9
28-12-17 19:00,0.8
28-12-17 18:00,0.8
28-12-17 17:00,0.9
28-12-17 16:00,0.6
28-12-17 15:00,0.6
28-12-17 14:00,0.6
28-12-17 13:00,0.7
28-12-17 12:00,0.7
28-12-17 11:00,2.0
28-12-17 10:00,
28-12-17 09:00,
28-12-17 08:00,
28-12-17 07:00,
28-12-17 06:00,
28-12-17 05:00,1.8
28-12-17 04:00,1.9
28-12-17 03:00,2.0
28-12-17 02:00,1.9
28-12-17 01:00,1.9
28-12-17 00:00,2.0
27-12-17 23:00,1.9
27-12-17 22:00,1.7
27-12-17 21:00,1.7
27-12-17 20:00,1.4
27-12-17 19:00,1.4
27-12-17 18:00,1.3
27-12-17 17:00,1.2
27-12-17 16:00,1.3
27-12-17 15:00,1.3
27-12-17 14:00,1.1
27-12-17 13:00,0.9
27-12-17 12:00,1.2
27-12-17 11:00,1.6
27-12-17 10:00,0.9
27-12-17 09:00,1.7
27-12-17 08:00,1.0
27-12-17 07:00,0.8
27-12-17 06:00,1.1
27-12-17 05:00,1.1
27-12-17 04:00,1.4
27-12-17 03:00,1.1
27-12-17 02:00,0.8
27-12-17 01:00,0.9
27-12-17 00:00,1.0
26-12-17 23:00,1.0
26-12-17 22:00,0.6
26-12-17 21:00,0.5
26-12-17 20:00,0.6
26-12-17 19:00,0.7
26-12-17 18:00,1.1
26-12-17 17:00,0.9
26-12-17 16:00,0.9
26-12-17 15:00,0.9
26-12-17 14:00,0.9
26-12-17 13:00,0.7
26-12-17 12:00,0.7
26-12-17 11:00,0.8
26-12-17 10:00,0.6
26-12-17 09:00,0.6
26-12-17 08:00,0.5
26-12-17 07:00,0.6
26-12-17 06:00,0.5
26-12-17 05:00,0.5
26-12-17 04:00,0.5
26-12-17 03:00,0.5
26-12-17 02:00,0.5
26-12-17 01:00,0.5
26-12-17 00:00,0.4
25-12-17 23:00,0.6
25-12-17 22:00,0.6
25-12-17 21:00,0.5
25-12-17 20:00,0.6
25-12-17 19:00,0.6
25-12-17 18:00,0.5
25-12-17 17:00,0.5
25-12-17 16:00,0.5
25-12-17 15:00,0.5
25-12-17 14:00,0.4
25-12-17 13:00,0.4
25-12-17 12:00,0.4
25-12-17 11:00,0.4
25-12-17 10:00,0.3
25-12-17 09:00,0.3
25-12-17 08:00,0.4
25-12-17 07:00,0.3
25-12-17 06:00,0.4
25-12-17 05:00,0.3
25-12-17 04:00,0.3
25-12-17 03:00,0.3
25-12-17 02:00,0.4
25-12-17 01:00,0.4
25-12-17 00:00,0.5
24-12-17 23:00,0.5
24-12-17 22:00,0.5
24-12-17 21:00,0.5
24-12-17 20:00,0.9
24-12-17 19:00,0.5
24-12-17 18:00,0.5
24-12-17 17:00,0.5
24-12-17 16:00,0.5
24-12-17 15:00,0.6
24-12-17 14:00,
24-12-17 13:00,
24-12-17 12:00,
24-12-17 11:00,
24-12-17 10:00,
24-12-17 09:00,0.4
24-12-17 08:00,0.3
24-12-17 07:00,0.3
24-12-17 06:00,0.3
24-12-17 05:00,0.3
24-12-17 04:00,0.3
24-12-17 03:00,0.3
24-12-17 02:00,0.3
24-12-17 01:00,0.5
24-12-17 00:00,0.5
23-12-17 23:00,0.4
23-12-17 22:00,0.5
23-12-17 21:00,0.5
23-12-17 20:00,0.5
23-12-17 19:00,0.6
23-12-17 18:00,0.6
23-12-17 17:00,0.7
23-12-17 16:00,0.9
23-12-17 15:00,0.8
23-12-17 14:00,1.2
23-12-17 13:00,1.1
23-12-17 12:00,1.3
23-12-17 11:00,1.2
23-12-17 10:00,1.1
23-12-17 09:00,0.6
23-12-17 08:00,0.7
23-12-17 07:00,0.5
23-12-17 06:00,0.5
23-12-17 05:00,0.4
23-12-17 04:00,0.4
23-12-17 03:00,0.4
23-12-17 02:00,0.5
23-12-17 01:00,0.5
23-12-17 00:00,0.9
22-12-17 23:00,0.9
22-12-17 22:00,2.4
22-12-17 21:00,2.7
22-12-17 20:00,3.2
22-12-17 19:00,2.6
22-12-17 18:00,2.4
22-12-17 17:00,2.5
22-12-17 16:00,3.0
22-12-17 15:00,3.8
22-12-17 14:00,2.9
22-12-17 13:00,3.4
22-12-17 12:00,5.7
22-12-17 11:00,2.2
22-12-17 10:00,2.7
22-12-17 09:00,1.6
22-12-17 08:00,2.3
22-12-17 07:00,1.9
22-12-17 06:00,2.1
22-12-17 05:00,0.9
22-12-17 04:00,1.0
22-12-17 03:00,1.0
22-12-17 02:00,1.8
22-12-17 01:00,1.9
22-12-17 00:00,2.2
21-12-17 23:00,2.6
21-12-17 22:00,4.5
21-12-17 21:00,4.0
21-12-17 20:00,4.4
21-12-17 19:00,3.8
21-12-17 18:00,4.4
21-12-17 17:00,3.9
21-12-17 16:00,2.8
21-12-17 15:00,2.9
21-12-17 14:00,3.2
21-12-17 13:00,2.5
21-12-17 12:00,2.4
21-12-17 11:00,2.4
21-12-17 10:00,1.9
21-12-17 09:00,1.7
21-12-17 08:00,1.3
21-12-17 07:00,1.3
21-12-17 06:00,1.1
21-12-17 05:00,1.1
21-12-17 04:00,1.1
21-12-17 03:00,1.1
21-12-17 02:00,1.4
21-12-17 01:00,1.6
21-12-17 00:00,1.4
20-12-17 23:00,1.6
20-12-17 22:00,1.6
20-12-17 21:00,1.4
20-12-17 20:00,1.7
20-12-17 19:00,1.6
20-12-17 18:00,
20-12-17 17:00,
20-12-17 16:00,
20-12-17 15:00,
20-12-17 14:00,
20-12-17 13:00,1.5
20-12-17 12:00,1.0
20-12-17 11:00,1.6
20-12-17 10:00,1.5
20-12-17 09:00,1.3
20-12-17 08:00,1.3
20-12-17 07:00,1.5
20-12-17 06:00,1.7
20-12-17 05:00,1.5
20-12-17 04:00,1.2
20-12-17 03:00,1.2
20-12-17 02:00,1.3
20-12-17 01:00,1.2
20-12-17 00:00,1.7
19-12-17 23:00,2.1
19-12-17 22:00,1.5
19-12-17 21:00,1.9
19-12-17 20:00,1.8
19-12-17 19:00,1.7
19-12-17 18:00,1.6
19-12-17 17:00,1.6
19-12-17 16:00,1.4
19-12-17 15:00,1.1
19-12-17 14:00,1.6
19-12-17 13:00,1.2
19-12-17 12:00,2.7
19-12-17 11:00,3.7
19-12-17 10:00,2.0
19-12-17 09:00,1.6
19-12-17 08:00,2.9
19-12-17 07:00,1.6
19-12-17 06:00,1.2
19-12-17 05:00,1.2
19-12-17 04:00,1.4
19-12-17 03:00,1.6
19-12-17 02:00,2.1
19-12-17 01:00,3.6
19-12-17 00:00,5.6
18-12-17 23:00,6.7
18-12-17 22:00,9.0
18-12-17 21:00,8.1
18-12-17 20:00,7.4
18-12-17 19:00,6.1
18-12-17 18:00,5.3
18-12-17 17:00,2.4
18-12-17 16:00,1.2
18-12-17 15:00,
18-12-17 14:00,
18-12-17 13:00,
18-12-17 12:00,
18-12-17 11:00,
18-12-17 10:00,4.9
18-12-17 09:00,1.7
18-12-17 08:00,1.1
18-12-17 07:00,1.1
18-12-17 06:00,1.0
18-12-17 05:00,1.3
18-12-17 04:00,1.6
18-12-17 03:00,1.0
18-12-17 02:00,0.7
18-12-17 01:00,0.7
18-12-17 00:00,0.8
17-12-17 23:00,1.2
17-12-17 22:00,0.8
17-12-17 21:00,0.9
17-12-17 20:00,0.7
17-12-17 19:00,0.8
17-12-17 18:00,0.7
17-12-17 17:00,0.6
17-12-17 16:00,0.7
17-12-17 15:00,0.7
17-12-17 14:00,0.7
17-12-17 13:00,0.8
17-12-17 12:00,0.7
17-12-17 11:00,0.6
17-12-17 10:00,0.6
17-12-17 09:00,0.5
17-12-17 08:00,0.5
17-12-17 07:00,0.5
17-12-17 06:00,0.5
17-12-17 05:00,0.5
17-12-17 04:00,0.8
17-12-17 03:00,0.6
17-12-17 02:00,0.6
17-12-17 01:00,0.7
17-12-17 00:00,0.7
16-12-17 23:00,0.8
16-12-17 22:00,1.0
16-12-17 21:00,1.0
16-12-17 20:00,1.0
16-12-17 19:00,1.1
16-12-17 18:00,1.0
16-12-17 17:00,0.9
16-12-17 16:00,1.0
16-12-17 15:00,1.3
16-12-17 14:00,1.1
16-12-17 13:00,1.0
16-12-17 12:00,1.2
16-12-17 11:00,2.4
16-12-17 10:00,0.9
16-12-17 09:00,0.8
16-12-17 08:00,0.6
16-12-17 07:00,0.6
16-12-17 06:00,0.6
16-12-17 05:00,0.5
16-12-17 04:00,0.5
16-12-17 03:00,0.5
16-12-17 02:00,0.5
16-12-17 01:00,1.0
16-12-17 00:00,1.6
15-12-17 23:00,1.1
15-12-17 22:00,1.2
15-12-17 21:00,2.1
15-12-17 20:00,1.3
15-12-17 19:00,2.6
15-12-17 18:00,1.7
15-12-17 17:00,1.3
15-12-17 16:00,0.9
15-12-17 15:00,0.7
15-12-17 14:00,0.8
15-12-17 13:00,0.5
15-12-17 12:00,0.6
15-12-17 11:00,0.6
15-12-17 10:00,0.6
15-12-17 09:00,0.6
15-12-17 08:00,1.0
15-12-17 07:00,0.7
15-12-17 06:00,0.5
15-12-17 05:00,0.4
15-12-17 04:00,0.4
15-12-17 03:00,0.4
15-12-17 02:00,0.5
15-12-17 01:00,0.5
15-12-17 00:00,0.7
14-12-17 23:00,0.5
14-12-17 22:00,0.8
14-12-17 21:00,1.0
14-12-17 20:00,0.8
14-12-17 19:00,
14-12-17 18:00,
14-12-17 17:00,
14-12-17 16:00,
14-12-17 15:00,
14-12-17 14:00,0.5
14-12-17 13:00,0.4
14-12-17 12:00,0.3
14-12-17 11:00,0.3
14-12-17 10:00,0.3
14-12-17 09:00,0.4
14-12-17 08:00,0.7
14-12-17 07:00,0.5
14-12-17 06:00,0.4
14-12-17 05:00,0.4
14-12-17 04:00,0.7
14-12-17 03:00,0.5
14-12-17 02:00,0.5
14-12-17 01:00,0.5
14-12-17 00:00,0.5
13-12-17 23:00,0.5
13-12-17 22:00,0.6
13-12-17 21:00,0.6
13-12-17 20:00,0.7
13-12-17 19:00,
13-12-17 18:00,
13-12-17 17:00,
13-12-17 16:00,
13-12-17 15:00,
13-12-17 14:00,
13-12-17 13:00,
13-12-17 12:00,
13-12-17 11:00,
13-12-17 10:00,
13-12-17 09:00,
13-12-17 08:00,
13-12-17 07:00,
13-12-17 06:00,
13-12-17 05:00,
13-12-17 04:00,
13-12-17 03:00,
13-12-17 02:00,
13-12-17 01:00,
13-12-17 00:00,
12-12-17 23:00,
12-12-17 22:00,
12-12-17 21:00,
12-12-17 20:00,
12-12-17 19:00,
12-12-17 18:00,
12-12-17 17:00,
12-12-17 16:00,
12-12-17 15:00,
12-12-17 14:00,
12-12-17 13:00,0.9
12-12-17 12:00,0.9
12-12-17 11:00,0.7
12-12-17 10:00,0.6
12-12-17 09:00,0.4
12-12-17 08:00,0.3
12-12-17 07:00,0.4
12-12-17 06:00,0.4
12-12-17 05:00,0.5
12-12-17 04:00,0.6
12-12-17 03:00,1.1
12-12-17 02:00,2.1
12-12-17 01:00,2.4
12-12-17 00:00,2.3
11-12-17 23:00,1.9
11-12-17 22:00,1.9
11-12-17 21:00,2.3
11-12-17 20:00,4.4
11-12-17 19:00,4.8
11-12-17 18:00,2.5
11-12-17 17:00,0.8
11-12-17 16:00,0.8
11-12-17 15:00,
11-12-17 14:00,
11-12-17 13:00,
11-12-17 12:00,
11-12-17 11:00,
11-12-17 10:00,0.9
11-12-17 09:00,0.7
11-12-17 08:00,0.7
11-12-17 07:00,0.5
11-12-17 06:00,0.3
11-12-17 05:00,0.4
11-12-17 04:00,0.5
11-12-17 03:00,0.5
11-12-17 02:00,0.5
11-12-17 01:00,0.5
11-12-17 00:00,0.7
10-12-17 23:00,0.8
10-12-17 22:00,0.8
10-12-17 21:00,1.2
10-12-17 20:00,0.9
10-12-17 19:00,0.7
10-12-17 18:00,0.6
10-12-17 17:00,0.6
10-12-17 16:00,0.6
10-12-17 15:00,0.6
10-12-17 14:00,0.6
10-12-17 13:00,0.6
10-12-17 12:00,0.6
10-12-17 11:00,0.5
10-12-17 10:00,0.5
10-12-17 09:00,0.4
10-12-17 08:00,0.4
10-12-17 07:00,0.3
10-12-17 06:00,0.3
10-12-17 05:00,0.4
10-12-17 04:00,0.4
10-12-17 03:00,0.4
10-12-17 02:00,0.4
10-12-17 01:00,0.4
10-12-17 00:00,0.4
09-12-17 23:00,0.5
09-12-17 22:00,0.6
09-12-17 21:00,0.5
09-12-17 20:00,0.6
09-12-17 19:00,0.6
09-12-17 18:00,0.5
09-12-17 17:00,0.5
09-12-17 16:00,0.5
09-12-17 15:00,0.5
09-12-17 14:00,0.5
09-12-17 13:00,0.6
09-12-17 12:00,0.6
09-12-17 11:00,0.7
09-12-17 10:00,0.8
09-12-17 09:00,0.6
09-12-17 08:00,0.4
09-12-17 07:00,0.4
09-12-17 06:00,0.3
09-12-17 05:00,0.4
09-12-17 04:00,0.4
09-12-17 03:00,0.4
09-12-17 02:00,0.4
09-12-17 01:00,0.5
09-12-17 00:00,0.5
08-12-17 23:00,0.5
08-12-17 22:00,0.5
08-12-17 21:00,0.5
08-12-17 20:00,0.7
08-12-17 19:00,0.6
08-12-17 18:00,0.5
08-12-17 17:00,0.5
08-12-17 16:00,0.7
08-12-17 15:00,0.6
08-12-17 14:00,0.6
08-12-17 13:00,0.7
08-12-17 12:00,0.7
08-12-17 11:00,0.7
08-12-17 10:00,1.2
08-12-17 09:00,1.3
08-12-17 08:00,0.7
08-12-17 07:00,0.8
08-12-17 06:00,0.6
08-12-17 05:00,0.6
08-12-17 04:00,0.6
08-12-17 03:00,0.6
08-12-17 02:00,0.8
08-12-17 01:00,0.8
08-12-17 00:00,1.2
07-12-17 23:00,1.5
07-12-17 22:00,2.8
07-12-17 21:00,2.0
07-12-17 20:00,2.2
07-12-17 19:00,
07-12-17 18:00,
07-12-17 17:00,
07-12-17 16:00,
07-12-17 15:00,
07-12-17 14:00,
07-12-17 13:00,
07-12-17 12:00,
07-12-17 11:00,
07-12-17 10:00,0.5
07-12-17 09:00,0.5
07-12-17 08:00,0.4
07-12-17 07:00,0.3
07-12-17 06:00,0.3
07-12-17 05:00,0.3
07-12-17 04:00,0.3
07-12-17 03:00,0.3
07-12-17 02:00,0.3
07-12-17 01:00,0.4
07-12-17 00:00,0.5
06-12-17 23:00,0.5
06-12-17 22:00,0.6
06-12-17 21:00,
06-12-17 20:00,
06-12-17 19:00,
06-12-17 18:00,
06-12-17 17:00,
06-12-17 16:00,0.6
06-12-17 15:00,0.6
06-12-17 14:00,0.6
06-12-17 13:00,0.5
06-12-17 12:00,0.7
06-12-17 11:00,0.6
06-12-17 10:00,0.6
06-12-17 09:00,0.5
06-12-17 08:00,0.5
06-12-17 07:00,0.5
06-12-17 06:00,0.5
06-12-17 05:00,0.5
06-12-17 04:00,0.5
06-12-17 03:00,0.5
06-12-17 02:00,0.5
06-12-17 01:00,0.5
06-12-17 00:00,0.6
05-12-17 23:00,0.6
05-12-17 22:00,0.8
05-12-17 21:00,0.8
05-12-17 20:00,0.8
05-12-17 19:00,1.0
05-12-17 18:00,1.3
05-12-17 17:00,1.3
05-12-17 16:00,0.9
05-12-17 15:00,0.9
05-12-17 14:00,0.8
05-12-17 13:00,0.8
05-12-17 12:00,1.1
05-12-17 11:00,2.0
05-12-17 10:00,0.9
05-12-17 09:00,1.2
05-12-17 08:00,0.8
05-12-17 07:00,0.7
05-12-17 06:00,0.6
05-12-17 05:00,0.6
05-12-17 04:00,0.5
05-12-17 03:00,0.6
05-12-17 02:00,0.5
05-12-17 01:00,0.4
05-12-17 00:00,0.4
04-12-17 23:00,0.4
04-12-17 22:00,0.4
04-12-17 21:00,0.5
04-12-17 20:00,0.5
04-12-17 19:00,0.6
04-12-17 18:00,0.8
04-12-17 17:00,1.2
04-12-17 16:00,1.0
04-12-17 15:00,1.5
04-12-17 14:00,1.0
04-12-17 13:00,1.1
04-12-17 12:00,1.0
04-12-17 11:00,1.0
04-12-17 10:00,1.0
04-12-17 09:00,0.9
04-12-17 08:00,0.9
04-12-17 07:00,0.9
04-12-17 06:00,0.8
04-12-17 05:00,0.8
04-12-17 04:00,0.8
04-12-17 03:00,0.8
04-12-17 02:00,0.8
04-12-17 01:00,0.9
04-12-17 00:00,1.6
03-12-17 23:00,1.2
03-12-17 22:00,1.3
03-12-17 21:00,1.2
03-12-17 20:00,1.5
03-12-17 19:00,1.1
03-12-17 18:00,1.0
03-12-17 17:00,0.9
03-12-17 16:00,0.8
03-12-17 15:00,0.7
03-12-17 14:00,0.7
03-12-17 13:00,0.8
03-12-17 12:00,0.6
03-12-17 11:00,1.5
03-12-17 10:00,2.0
03-12-17 09:00,1.5
03-12-17 08:00,1.3
03-12-17 07:00,1.0
03-12-17 06:00,1.1
03-12-17 05:00,1.2
03-12-17 04:00,1.5
03-12-17 03:00,2.6
03-12-17 02:00,1.7
03-12-17 01:00,
03-12-17 00:00,
02-12-17 23:00,
02-12-17 22:00,
02-12-17 21:00,
02-12-17 20:00,1.2
02-12-17 19:00,2.0
02-12-17 18:00,1.2
02-12-17 17:00,1.0
02-12-17 16:00,1.5
02-12-17 15:00,1.1
02-12-17 14:00,1.2
02-12-17 13:00,0.8
02-12-17 12:00,1.6
02-12-17 11:00,0.6
02-12-17 10:00,0.6
02-12-17 09:00,0.5
02-12-17 08:00,0.6
02-12-17 07:00,0.8
02-12-17 06:00,0.9
02-12-17 05:00,1.0
02-12-17 04:00,1.1
02-12-17 03:00,1.1
02-12-17 02:00,1.7
02-12-17 01:00,2.9
02-12-17 00:00,2.9
01-12-17 23:00,2.4
01-12-17 22:00,2.9
01-12-17 21:00,4.8
01-12-17 20:00,1.7
01-12-17 19:00,2.4
01-12-17 18:00,3.1
01-12-17 17:00,1.2
01-12-17 16:00,0.9
01-12-17 15:00,0.8
01-12-17 14:00,0.8
01-12-17 13:00,1.3
01-12-17 12:00,1.9
01-12-17 11:00,1.9
01-12-17 10:00,1.3
01-12-17 09:00,0.9
01-12-17 08:00,0.8
01-12-17 07:00,0.7
01-12-17 06:00,0.6
01-12-17 05:00,0.6
01-12-17 04:00,0.6
01-12-17 03:00,0.7
01-12-17 02:00,0.6
01-12-17 01:00,0.6

