Datum Zeit,Dresden-Winckelmannstr. PM10_Pb
,ng/m3
07-2007,

